# True label, Predicted label, Predicted Probability
1.000000	1.000000	0.999522
0.000000	0.000000	0.053123
0.000000	1.000000	0.694555
1.000000	1.000000	0.999675
0.000000	1.000000	0.998517
1.000000	1.000000	0.998016
1.000000	0.000000	0.158711
0.000000	1.000000	0.966050
0.000000	1.000000	0.890353
1.000000	1.000000	1.000000
1.000000	0.000000	0.006997
0.000000	0.000000	0.000054
0.000000	0.000000	0.000000
1.000000	1.000000	1.000000
0.000000	0.000000	0.001676
0.000000	1.000000	0.999528
1.000000	0.000000	0.207819
1.000000	1.000000	0.999769
1.000000	1.000000	0.942308
1.000000	0.000000	0.499966
0.000000	0.000000	0.000810
1.000000	0.000000	0.107416
1.000000	0.000000	0.035110
1.000000	0.000000	0.245255
1.000000	0.000000	0.004765
1.000000	0.000000	0.001109
1.000000	1.000000	0.992302
0.000000	0.000000	0.000595
1.000000	1.000000	0.972750
1.000000	0.000000	0.001122
1.000000	1.000000	0.641539
1.000000	1.000000	0.996469
1.000000	0.000000	0.476493
0.000000	0.000000	0.012298
0.000000	0.000000	0.004862
1.000000	1.000000	0.936791
1.000000	1.000000	0.999899
0.000000	0.000000	0.000924
0.000000	1.000000	0.992727
1.000000	1.000000	0.997232
1.000000	1.000000	0.999942
1.000000	1.000000	0.999996
0.000000	1.000000	0.999894
0.000000	0.000000	0.000001
0.000000	1.000000	0.940337
0.000000	0.000000	0.186816
1.000000	0.000000	0.362667
1.000000	1.000000	0.989882
1.000000	1.000000	0.999743
0.000000	1.000000	0.999962
0.000000	1.000000	0.999999
0.000000	1.000000	1.000000
1.000000	1.000000	0.999122
1.000000	0.000000	0.002878
0.000000	1.000000	1.000000
0.000000	0.000000	0.000000
1.000000	0.000000	0.000074
0.000000	1.000000	0.834690
1.000000	0.000000	0.012339
1.000000	1.000000	0.981907
1.000000	0.000000	0.004043
0.000000	1.000000	0.999977
0.000000	1.000000	0.939227
1.000000	1.000000	0.968522
0.000000	1.000000	0.967720
1.000000	1.000000	0.541639
1.000000	1.000000	0.999943
1.000000	1.000000	0.788211
0.000000	1.000000	0.940775
1.000000	1.000000	0.988501
1.000000	0.000000	0.000000
0.000000	1.000000	1.000000
0.000000	1.000000	0.775374
0.000000	1.000000	0.999280
1.000000	1.000000	1.000000
1.000000	0.000000	0.017231
1.000000	1.000000	0.999901
0.000000	0.000000	0.006332
1.000000	0.000000	0.142614
0.000000	0.000000	0.000137
1.000000	1.000000	0.519306
0.000000	0.000000	0.083172
1.000000	1.000000	1.000000
1.000000	1.000000	0.871039
1.000000	1.000000	0.999999
0.000000	0.000000	0.000109
0.000000	1.000000	0.643297
0.000000	0.000000	0.059008
0.000000	1.000000	0.998956
0.000000	1.000000	1.000000
0.000000	0.000000	0.000000
1.000000	0.000000	0.000140
0.000000	1.000000	0.509003
1.000000	0.000000	0.177462
1.000000	1.000000	0.988501
1.000000	1.000000	0.999984
0.000000	1.000000	0.713098
1.000000	1.000000	0.980353
0.000000	0.000000	0.000016
1.000000	0.000000	0.383495
1.000000	0.000000	0.076281
0.000000	1.000000	1.000000
1.000000	0.000000	0.005592
0.000000	0.000000	0.423252
1.000000	0.000000	0.053928
1.000000	1.000000	0.942308
1.000000	0.000000	0.009217
0.000000	1.000000	1.000000
1.000000	1.000000	0.999920
0.000000	0.000000	0.000011
0.000000	0.000000	0.165598
0.000000	0.000000	0.012784
1.000000	1.000000	0.980353
1.000000	1.000000	1.000000
0.000000	1.000000	0.999768
1.000000	1.000000	0.997980
0.000000	1.000000	0.999983
0.000000	1.000000	0.999826
0.000000	1.000000	0.716980
0.000000	0.000000	0.000741
0.000000	0.000000	0.000000
1.000000	0.000000	0.441947
1.000000	1.000000	0.955463
0.000000	1.000000	0.668948
1.000000	1.000000	0.999967
1.000000	1.000000	0.999395
0.000000	0.000000	0.000901
1.000000	1.000000	0.999527
1.000000	1.000000	1.000000
1.000000	0.000000	0.141018
0.000000	0.000000	0.354291
1.000000	1.000000	0.999834
1.000000	0.000000	0.000497
0.000000	1.000000	0.835229
1.000000	0.000000	0.000001
1.000000	0.000000	0.000000
1.000000	1.000000	0.999951
0.000000	0.000000	0.199269
1.000000	0.000000	0.007662
1.000000	1.000000	0.629180
0.000000	1.000000	0.901500
1.000000	1.000000	0.968865
0.000000	1.000000	0.999235
0.000000	0.000000	0.009438
0.000000	1.000000	0.795543
0.000000	0.000000	0.014160
0.000000	0.000000	0.452275
1.000000	1.000000	0.980353
1.000000	0.000000	0.000704
1.000000	1.000000	0.999966
0.000000	1.000000	0.909752
1.000000	1.000000	0.910157
0.000000	1.000000	0.997878
0.000000	1.000000	0.987046
0.000000	1.000000	0.994578
0.000000	0.000000	0.000004
0.000000	1.000000	0.999936
0.000000	0.000000	0.000000
0.000000	0.000000	0.000891
1.000000	1.000000	0.999995
1.000000	1.000000	0.903316
1.000000	0.000000	0.130306
0.000000	1.000000	0.999998
0.000000	1.000000	0.618886
0.000000	1.000000	1.000000
1.000000	0.000000	0.000000
0.000000	0.000000	0.130856
1.000000	0.000000	0.000000
1.000000	1.000000	0.947378
1.000000	0.000000	0.000006
1.000000	0.000000	0.000000
0.000000	1.000000	0.999712
1.000000	1.000000	0.934396
1.000000	1.000000	0.999945
1.000000	1.000000	0.999766
1.000000	1.000000	0.999820
0.000000	0.000000	0.001993
1.000000	1.000000	0.874335
0.000000	0.000000	0.000074
0.000000	0.000000	0.000001
0.000000	0.000000	0.000862
0.000000	0.000000	0.068766
0.000000	1.000000	0.999999
0.000000	0.000000	0.000087
0.000000	0.000000	0.035392
0.000000	1.000000	0.999673
1.000000	1.000000	0.972909
1.000000	1.000000	0.982778
0.000000	0.000000	0.000000
0.000000	0.000000	0.446574
1.000000	1.000000	0.636549
0.000000	1.000000	0.848377
1.000000	0.000000	0.125565
1.000000	1.000000	1.000000
0.000000	0.000000	0.204383
0.000000	1.000000	0.910329
1.000000	0.000000	0.045161
1.000000	0.000000	0.000000
1.000000	1.000000	0.980353
1.000000	0.000000	0.000021
0.000000	0.000000	0.124139
1.000000	1.000000	0.926846
1.000000	0.000000	0.002911
1.000000	0.000000	0.014339
1.000000	1.000000	0.988501
1.000000	0.000000	0.000178
0.000000	1.000000	0.888254
1.000000	0.000000	0.081103
1.000000	1.000000	0.999991
0.000000	1.000000	0.824415
1.000000	0.000000	0.340178
0.000000	1.000000	0.575974
0.000000	0.000000	0.000056
1.000000	0.000000	0.072933
0.000000	1.000000	1.000000
0.000000	0.000000	0.000000
0.000000	1.000000	0.999642
1.000000	0.000000	0.003578
1.000000	1.000000	0.950094
0.000000	0.000000	0.008319
0.000000	0.000000	0.040601
1.000000	0.000000	0.000001
1.000000	1.000000	0.957442
0.000000	1.000000	1.000000
1.000000	0.000000	0.001284
1.000000	1.000000	0.999011
0.000000	1.000000	0.964638
0.000000	1.000000	0.999954
1.000000	0.000000	0.000000
0.000000	1.000000	1.000000
0.000000	0.000000	0.002026
1.000000	0.000000	0.284638
0.000000	0.000000	0.014288
0.000000	1.000000	0.998229
0.000000	0.000000	0.003025
0.000000	0.000000	0.000003
1.000000	0.000000	0.228538
0.000000	1.000000	0.999999
1.000000	0.000000	0.000056
0.000000	1.000000	0.998524
0.000000	0.000000	0.000053
1.000000	1.000000	0.997536
0.000000	1.000000	0.956762
0.000000	0.000000	0.000143
0.000000	0.000000	0.038904
1.000000	1.000000	0.999998
1.000000	1.000000	0.980353
1.000000	1.000000	0.999401
0.000000	1.000000	0.929011
0.000000	0.000000	0.005685
0.000000	0.000000	0.000000
1.000000	0.000000	0.051472
1.000000	1.000000	0.999836
1.000000	1.000000	0.924832
1.000000	0.000000	0.002615
1.000000	0.000000	0.000000
1.000000	1.000000	0.986360
1.000000	0.000000	0.000787
1.000000	1.000000	0.990821
1.000000	0.000000	0.054001
1.000000	0.000000	0.001916
0.000000	0.000000	0.050505
1.000000	1.000000	0.999969
0.000000	0.000000	0.046341
1.000000	1.000000	1.000000
0.000000	1.000000	0.975467
1.000000	0.000000	0.037351
1.000000	0.000000	0.472413
0.000000	1.000000	0.999977
1.000000	1.000000	0.999929
1.000000	0.000000	0.005364
0.000000	0.000000	0.053123
0.000000	1.000000	0.934182
1.000000	0.000000	0.000564
0.000000	0.000000	0.274698
1.000000	0.000000	0.000000
0.000000	1.000000	0.998890
1.000000	1.000000	0.500471
0.000000	1.000000	0.799939
0.000000	0.000000	0.281283
1.000000	0.000000	0.000002
0.000000	1.000000	0.961821
0.000000	1.000000	0.999999
1.000000	1.000000	0.999377
0.000000	0.000000	0.000001
1.000000	0.000000	0.043238
0.000000	1.000000	0.999995
1.000000	1.000000	1.000000
0.000000	0.000000	0.000000
0.000000	0.000000	0.065446
0.000000	1.000000	0.996573
1.000000	1.000000	0.928416
0.000000	0.000000	0.013923
1.000000	1.000000	0.999992
1.000000	1.000000	0.999981
0.000000	1.000000	0.999979
1.000000	1.000000	0.651016
0.000000	1.000000	0.864981
1.000000	1.000000	0.990632
1.000000	1.000000	0.999947
0.000000	0.000000	0.211259
0.000000	0.000000	0.000006
0.000000	0.000000	0.000000
1.000000	1.000000	0.816104
0.000000	1.000000	0.996348
1.000000	1.000000	0.988658
0.000000	1.000000	1.000000
1.000000	0.000000	0.021873
0.000000	0.000000	0.141632
1.000000	1.000000	0.839785
1.000000	0.000000	0.240386
0.000000	0.000000	0.000000
0.000000	0.000000	0.167245
0.000000	0.000000	0.001831
0.000000	0.000000	0.000001
0.000000	0.000000	0.068766
0.000000	0.000000	0.038358
0.000000	0.000000	0.189848
1.000000	0.000000	0.000007
0.000000	1.000000	0.731005
0.000000	0.000000	0.000397
1.000000	0.000000	0.004485
0.000000	0.000000	0.285325
1.000000	1.000000	0.999999
0.000000	0.000000	0.001354
0.000000	0.000000	0.238117
0.000000	1.000000	0.753262
1.000000	0.000000	0.046439
1.000000	1.000000	0.999979
0.000000	0.000000	0.494144
0.000000	0.000000	0.000024
1.000000	0.000000	0.000000
0.000000	1.000000	0.999664
1.000000	0.000000	0.000000
1.000000	0.000000	0.000414
1.000000	1.000000	1.000000
0.000000	0.000000	0.037509
1.000000	0.000000	0.000046
1.000000	1.000000	0.987136
1.000000	0.000000	0.006056
0.000000	1.000000	0.995775
0.000000	0.000000	0.000000
1.000000	1.000000	0.974000
0.000000	0.000000	0.140265
0.000000	1.000000	0.999897
1.000000	1.000000	0.522224
0.000000	0.000000	0.000021
1.000000	0.000000	0.100053
1.000000	0.000000	0.106486
0.000000	0.000000	0.028075
0.000000	0.000000	0.000302
0.000000	1.000000	0.959910
0.000000	1.000000	0.997902
0.000000	1.000000	1.000000
1.000000	1.000000	0.999460
1.000000	1.000000	0.779584
0.000000	0.000000	0.027062
1.000000	1.000000	0.999993
1.000000	1.000000	0.942308
0.000000	1.000000	0.999924
0.000000	0.000000	0.078904
0.000000	1.000000	0.997967
1.000000	1.000000	0.999445
0.000000	0.000000	0.074288
1.000000	0.000000	0.024785
0.000000	1.000000	0.987128
0.000000	1.000000	0.776073
0.000000	0.000000	0.328064
0.000000	0.000000	0.486416
0.000000	0.000000	0.366404
0.000000	0.000000	0.000060
0.000000	1.000000	0.971768
0.000000	1.000000	0.742482
1.000000	1.000000	0.848692
1.000000	0.000000	0.000249
0.000000	0.000000	0.000000
0.000000	0.000000	0.000000
0.000000	1.000000	0.996736
0.000000	1.000000	0.999960
0.000000	0.000000	0.000000
0.000000	0.000000	0.010785
0.000000	0.000000	0.012804
1.000000	0.000000	0.000001
1.000000	1.000000	0.825963
1.000000	1.000000	1.000000
0.000000	1.000000	0.993130
1.000000	1.000000	0.973078
1.000000	0.000000	0.000144
0.000000	1.000000	0.839087
0.000000	1.000000	0.998941
1.000000	1.000000	0.999986
1.000000	1.000000	0.999721
0.000000	1.000000	0.814975
0.000000	1.000000	0.992646
0.000000	0.000000	0.017538
0.000000	1.000000	0.708604
0.000000	0.000000	0.068766
0.000000	0.000000	0.000059
0.000000	1.000000	0.991976
0.000000	1.000000	1.000000
1.000000	0.000000	0.041516
1.000000	0.000000	0.000000
1.000000	0.000000	0.044544
1.000000	1.000000	1.000000
0.000000	0.000000	0.063519
1.000000	1.000000	0.999913
0.000000	0.000000	0.000000
0.000000	0.000000	0.000000
0.000000	0.000000	0.001371
0.000000	1.000000	0.718028
0.000000	1.000000	0.999998
1.000000	1.000000	0.999963
0.000000	0.000000	0.033771
1.000000	1.000000	0.999941
0.000000	1.000000	0.999995
1.000000	0.000000	0.007087
0.000000	1.000000	0.999996
0.000000	1.000000	0.999988
0.000000	1.000000	0.999969
0.000000	1.000000	0.897487
1.000000	0.000000	0.050490
0.000000	0.000000	0.410655
0.000000	0.000000	0.000826
1.000000	0.000000	0.090358
0.000000	1.000000	0.839901
0.000000	0.000000	0.001014
0.000000	1.000000	0.640653
0.000000	1.000000	0.992464
1.000000	1.000000	0.999981
0.000000	1.000000	0.982260
0.000000	1.000000	0.997698
0.000000	0.000000	0.000000
1.000000	1.000000	0.992961
0.000000	0.000000	0.000000
0.000000	1.000000	0.839217
0.000000	0.000000	0.059099
1.000000	1.000000	0.995364
0.000000	1.000000	0.563094
0.000000	0.000000	0.000002
1.000000	1.000000	0.742355
0.000000	1.000000	0.713333
1.000000	1.000000	0.999541
0.000000	1.000000	0.997372
0.000000	1.000000	0.999168
1.000000	1.000000	0.837125
0.000000	0.000000	0.281036
1.000000	0.000000	0.477459
1.000000	1.000000	0.999926
0.000000	1.000000	0.742703
0.000000	0.000000	0.029970
1.000000	0.000000	0.002297
1.000000	0.000000	0.472858
1.000000	1.000000	0.999982
0.000000	0.000000	0.068766
0.000000	1.000000	1.000000
0.000000	0.000000	0.000000
0.000000	0.000000	0.000000
0.000000	1.000000	1.000000
0.000000	0.000000	0.000000
1.000000	0.000000	0.000000
0.000000	0.000000	0.000001
0.000000	1.000000	0.998623
1.000000	0.000000	0.017579
0.000000	0.000000	0.002685
1.000000	0.000000	0.240636
1.000000	0.000000	0.000452
0.000000	1.000000	0.660486
1.000000	1.000000	0.997592
1.000000	1.000000	0.858515
1.000000	1.000000	0.999498
0.000000	1.000000	0.999531
0.000000	0.000000	0.040125
0.000000	1.000000	0.954911
0.000000	1.000000	0.999997
1.000000	0.000000	0.000115
0.000000	0.000000	0.062754
1.000000	1.000000	0.990632
0.000000	1.000000	0.999999
0.000000	0.000000	0.481045
0.000000	0.000000	0.067449
1.000000	1.000000	1.000000
0.000000	0.000000	0.124139
0.000000	1.000000	0.999100
0.000000	0.000000	0.109259
0.000000	1.000000	0.999643
1.000000	1.000000	0.949327
1.000000	0.000000	0.000000
0.000000	0.000000	0.002634
1.000000	0.000000	0.000000
1.000000	0.000000	0.011614
0.000000	0.000000	0.000294
0.000000	0.000000	0.437841
1.000000	0.000000	0.000183
0.000000	0.000000	0.025639
0.000000	0.000000	0.476024
0.000000	1.000000	0.999994
1.000000	1.000000	0.999733
0.000000	1.000000	0.999987
0.000000	0.000000	0.262059
1.000000	1.000000	0.999806
0.000000	1.000000	0.999980
0.000000	1.000000	0.998160
0.000000	1.000000	0.971551
0.000000	0.000000	0.124139
1.000000	1.000000	0.889204
1.000000	1.000000	1.000000
0.000000	0.000000	0.244113
1.000000	0.000000	0.000000
1.000000	0.000000	0.004554
1.000000	1.000000	1.000000
1.000000	1.000000	0.980353
0.000000	1.000000	0.730891
0.000000	1.000000	0.999933
0.000000	0.000000	0.150379
1.000000	0.000000	0.004417
0.000000	0.000000	0.002816
1.000000	1.000000	0.999302
1.000000	1.000000	0.842887
0.000000	0.000000	0.000002
1.000000	0.000000	0.000530
0.000000	0.000000	0.000077
0.000000	1.000000	0.983498
0.000000	0.000000	0.276117
0.000000	1.000000	1.000000
1.000000	0.000000	0.000378
0.000000	0.000000	0.000012
0.000000	0.000000	0.026879
1.000000	1.000000	0.999797
0.000000	1.000000	0.999798
1.000000	0.000000	0.142224
0.000000	0.000000	0.000037
1.000000	1.000000	0.999012
0.000000	0.000000	0.139482
0.000000	1.000000	1.000000
1.000000	0.000000	0.000006
0.000000	1.000000	0.626357
1.000000	0.000000	0.000020
1.000000	1.000000	0.832101
0.000000	0.000000	0.003928
0.000000	0.000000	0.014152
0.000000	0.000000	0.158113
0.000000	0.000000	0.113753
1.000000	0.000000	0.006899
1.000000	0.000000	0.000277
1.000000	1.000000	0.991402
1.000000	1.000000	0.689068
0.000000	1.000000	0.999997
0.000000	0.000000	0.040730
0.000000	1.000000	0.771909
1.000000	1.000000	0.999994
1.000000	1.000000	0.668009
1.000000	1.000000	0.681916
0.000000	0.000000	0.350280
1.000000	1.000000	1.000000
0.000000	0.000000	0.066666
0.000000	1.000000	0.991638
1.000000	1.000000	0.826674
0.000000	0.000000	0.001349
0.000000	0.000000	0.001205
0.000000	1.000000	0.999798
1.000000	0.000000	0.000000
1.000000	1.000000	0.999156
1.000000	1.000000	0.999989
0.000000	0.000000	0.053123
0.000000	0.000000	0.000000
1.000000	1.000000	0.595874
0.000000	0.000000	0.000000
1.000000	1.000000	0.999125
1.000000	0.000000	0.310961
1.000000	1.000000	0.999967
0.000000	0.000000	0.000306
1.000000	0.000000	0.000002
0.000000	1.000000	0.997717
1.000000	1.000000	0.741320
0.000000	1.000000	0.999434
1.000000	1.000000	0.999828
1.000000	1.000000	0.996443
1.000000	1.000000	0.999979
0.000000	1.000000	0.999802
0.000000	1.000000	0.860046
1.000000	0.000000	0.000021
1.000000	0.000000	0.012300
0.000000	1.000000	0.996305
0.000000	1.000000	0.999925
1.000000	0.000000	0.000005
0.000000	1.000000	0.856645
0.000000	0.000000	0.000426
0.000000	0.000000	0.412517
0.000000	1.000000	0.939379
0.000000	0.000000	0.207699
1.000000	0.000000	0.015367
0.000000	1.000000	0.841824
0.000000	1.000000	0.999972
0.000000	0.000000	0.014119
0.000000	1.000000	0.999985
0.000000	1.000000	1.000000
0.000000	0.000000	0.000307
0.000000	1.000000	0.999089
1.000000	1.000000	0.821758
0.000000	1.000000	0.995227
0.000000	0.000000	0.000134
0.000000	0.000000	0.009555
0.000000	0.000000	0.010061
0.000000	0.000000	0.035661
1.000000	1.000000	0.918849
1.000000	1.000000	0.822348
0.000000	0.000000	0.000000
1.000000	0.000000	0.107458
0.000000	1.000000	0.999272
0.000000	0.000000	0.000128
1.000000	0.000000	0.047134
1.000000	1.000000	0.966899
0.000000	0.000000	0.105235
1.000000	1.000000	0.990914
1.000000	1.000000	0.999993
1.000000	1.000000	0.999878
0.000000	1.000000	0.625661
1.000000	1.000000	1.000000
1.000000	1.000000	0.999997
1.000000	1.000000	0.790829
1.000000	0.000000	0.001417
0.000000	1.000000	0.999969
0.000000	0.000000	0.000008
0.000000	0.000000	0.000035
1.000000	1.000000	0.977977
0.000000	1.000000	0.999998
1.000000	0.000000	0.000038
0.000000	0.000000	0.000070
0.000000	0.000000	0.048570
0.000000	0.000000	0.466132
0.000000	1.000000	0.999988
0.000000	1.000000	0.923580
1.000000	0.000000	0.002943
1.000000	0.000000	0.020904
0.000000	1.000000	0.999871
1.000000	1.000000	0.526932
0.000000	0.000000	0.000003
0.000000	1.000000	0.999999
1.000000	0.000000	0.228538
1.000000	1.000000	0.902829
1.000000	0.000000	0.000000
0.000000	1.000000	0.999440
1.000000	0.000000	0.008330
1.000000	0.000000	0.446472
0.000000	0.000000	0.086508
1.000000	1.000000	0.833771
0.000000	1.000000	0.908751
1.000000	0.000000	0.019468
0.000000	0.000000	0.002840
1.000000	0.000000	0.004303
1.000000	1.000000	0.988501
1.000000	1.000000	0.997221
0.000000	0.000000	0.000872
1.000000	0.000000	0.002760
0.000000	1.000000	0.997702
0.000000	0.000000	0.000027
0.000000	1.000000	0.671615
1.000000	1.000000	0.999964
1.000000	1.000000	0.999997
1.000000	1.000000	0.999833
1.000000	1.000000	0.847131
0.000000	0.000000	0.000101
0.000000	0.000000	0.000000
0.000000	1.000000	0.998174
1.000000	0.000000	0.010436
0.000000	0.000000	0.037230
1.000000	1.000000	0.999804
1.000000	1.000000	1.000000
1.000000	1.000000	0.999998
0.000000	1.000000	0.965110
1.000000	1.000000	0.528548
0.000000	0.000000	0.322046
0.000000	0.000000	0.098222
1.000000	1.000000	0.942463
0.000000	0.000000	0.321173
1.000000	0.000000	0.000000
1.000000	0.000000	0.000028
1.000000	1.000000	0.999738
0.000000	0.000000	0.001343
0.000000	0.000000	0.000014
0.000000	1.000000	0.987776
0.000000	0.000000	0.173896
1.000000	1.000000	0.994495
1.000000	1.000000	0.996014
0.000000	1.000000	0.998955
0.000000	0.000000	0.000000
1.000000	0.000000	0.000000
0.000000	1.000000	0.999999
1.000000	1.000000	0.999835
0.000000	1.000000	0.858306
1.000000	0.000000	0.000056
1.000000	1.000000	0.999910
1.000000	1.000000	0.999177
0.000000	1.000000	0.999996
1.000000	0.000000	0.220234
0.000000	1.000000	0.999930
0.000000	1.000000	1.000000
0.000000	1.000000	0.997363
0.000000	0.000000	0.016751
1.000000	1.000000	0.585516
1.000000	0.000000	0.000000
0.000000	0.000000	0.000003
1.000000	1.000000	0.999936
0.000000	0.000000	0.320870
0.000000	0.000000	0.000000
0.000000	1.000000	0.595050
1.000000	1.000000	0.749128
0.000000	0.000000	0.000081
0.000000	1.000000	0.517183
1.000000	0.000000	0.000000
0.000000	0.000000	0.165087
0.000000	0.000000	0.003539
0.000000	1.000000	1.000000
1.000000	0.000000	0.327931
0.000000	0.000000	0.000050
1.000000	0.000000	0.420194
1.000000	1.000000	0.879027
0.000000	1.000000	0.910174
0.000000	1.000000	0.998924
0.000000	0.000000	0.019456
1.000000	1.000000	0.930119
1.000000	1.000000	0.999995
1.000000	1.000000	0.822348
1.000000	1.000000	0.971199
1.000000	1.000000	0.844602
1.000000	1.000000	0.992263
0.000000	1.000000	0.995639
1.000000	1.000000	1.000000
1.000000	1.000000	1.000000
1.000000	0.000000	0.002426
1.000000	1.000000	1.000000
0.000000	1.000000	0.752622
0.000000	0.000000	0.000155
0.000000	1.000000	0.999994
1.000000	0.000000	0.032975
0.000000	0.000000	0.015389
1.000000	1.000000	0.999857
1.000000	1.000000	0.565788
1.000000	0.000000	0.162572
1.000000	0.000000	0.000000
0.000000	1.000000	0.999989
0.000000	0.000000	0.000419
0.000000	1.000000	0.999917
1.000000	0.000000	0.000223
0.000000	1.000000	1.000000
0.000000	0.000000	0.000035
0.000000	1.000000	0.673872
0.000000	0.000000	0.001451
0.000000	0.000000	0.000000
1.000000	1.000000	0.812388
0.000000	0.000000	0.000195
1.000000	0.000000	0.000000
0.000000	1.000000	0.932913
1.000000	0.000000	0.371925
1.000000	1.000000	0.990214
1.000000	1.000000	0.890275
1.000000	1.000000	0.999989
0.000000	1.000000	0.572035
1.000000	1.000000	0.933151
0.000000	1.000000	1.000000
0.000000	1.000000	1.000000
0.000000	0.000000	0.000561
0.000000	1.000000	0.999979
0.000000	1.000000	1.000000
0.000000	0.000000	0.000002
1.000000	0.000000	0.000000
1.000000	1.000000	0.980353
0.000000	0.000000	0.128219
0.000000	1.000000	0.989888
0.000000	0.000000	0.140897
0.000000	0.000000	0.068766
0.000000	0.000000	0.004907
0.000000	1.000000	0.988145
0.000000	0.000000	0.429747
0.000000	0.000000	0.000000
0.000000	1.000000	0.998703
0.000000	1.000000	0.998927
0.000000	1.000000	0.989279
0.000000	0.000000	0.000007
0.000000	0.000000	0.068766
1.000000	0.000000	0.040539
0.000000	1.000000	0.996960
0.000000	1.000000	0.999978
1.000000	1.000000	0.999988
1.000000	0.000000	0.107925
1.000000	1.000000	0.961595
0.000000	1.000000	0.988859
1.000000	1.000000	0.997511
1.000000	1.000000	0.985391
0.000000	0.000000	0.043896
1.000000	1.000000	0.911861
0.000000	1.000000	0.994236
0.000000	0.000000	0.000155
0.000000	0.000000	0.000101
0.000000	0.000000	0.000028
1.000000	0.000000	0.000000
1.000000	0.000000	0.000006
1.000000	0.000000	0.334973
1.000000	0.000000	0.300599
0.000000	0.000000	0.203843
0.000000	0.000000	0.137084
0.000000	1.000000	0.537353
0.000000	0.000000	0.265009
1.000000	1.000000	0.967007
0.000000	0.000000	0.353078
1.000000	1.000000	0.999896
1.000000	0.000000	0.019249
1.000000	1.000000	0.877549
0.000000	0.000000	0.361556
1.000000	1.000000	1.000000
0.000000	0.000000	0.000229
1.000000	1.000000	0.969324
0.000000	0.000000	0.000321
0.000000	0.000000	0.027948
1.000000	0.000000	0.486677
1.000000	1.000000	0.716351
0.000000	1.000000	0.999998
0.000000	0.000000	0.000004
0.000000	0.000000	0.204409
1.000000	1.000000	0.873454
0.000000	1.000000	0.994696
1.000000	1.000000	0.942308
1.000000	1.000000	0.888373
0.000000	0.000000	0.069449
0.000000	1.000000	0.999490
0.000000	0.000000	0.000000
0.000000	0.000000	0.000251
1.000000	0.000000	0.093405
1.000000	1.000000	1.000000
1.000000	0.000000	0.119511
0.000000	1.000000	1.000000
1.000000	1.000000	0.894759
1.000000	0.000000	0.176344
0.000000	0.000000	0.000014
0.000000	0.000000	0.000389
0.000000	1.000000	0.996695
1.000000	1.000000	0.907167
1.000000	1.000000	0.999477
0.000000	1.000000	0.764686
1.000000	1.000000	0.968708
1.000000	1.000000	0.999961
0.000000	0.000000	0.332436
1.000000	1.000000	0.991005
0.000000	1.000000	0.562578
0.000000	1.000000	0.999919
0.000000	0.000000	0.068766
1.000000	1.000000	0.729981
0.000000	0.000000	0.421946
0.000000	1.000000	0.992759
1.000000	0.000000	0.003981
0.000000	0.000000	0.002429
0.000000	1.000000	1.000000
0.000000	0.000000	0.001918
1.000000	0.000000	0.391007
0.000000	0.000000	0.032078
1.000000	1.000000	0.999962
1.000000	1.000000	0.999959
1.000000	1.000000	0.695997
1.000000	1.000000	0.988501
1.000000	0.000000	0.000069
0.000000	0.000000	0.000028
1.000000	1.000000	0.993716
1.000000	0.000000	0.000003
0.000000	0.000000	0.000000
0.000000	0.000000	0.203145
1.000000	1.000000	0.990632
1.000000	1.000000	0.951824
1.000000	0.000000	0.006129
1.000000	1.000000	1.000000
1.000000	0.000000	0.000493
1.000000	0.000000	0.000004
0.000000	0.000000	0.002077
1.000000	0.000000	0.007983
0.000000	0.000000	0.000312
1.000000	1.000000	0.889585
1.000000	1.000000	0.922516
1.000000	1.000000	0.998381
0.000000	0.000000	0.068766
1.000000	1.000000	0.971568
1.000000	1.000000	0.982469
1.000000	0.000000	0.000000
0.000000	0.000000	0.000001
0.000000	1.000000	0.999664
1.000000	1.000000	1.000000
0.000000	0.000000	0.022338
1.000000	0.000000	0.054614
1.000000	1.000000	1.000000
0.000000	0.000000	0.006561
1.000000	1.000000	0.999872
0.000000	0.000000	0.295004
0.000000	1.000000	0.801411
0.000000	1.000000	0.788982
0.000000	0.000000	0.000000
0.000000	1.000000	0.970226
1.000000	1.000000	0.975973
0.000000	1.000000	0.999654
1.000000	1.000000	0.969894
0.000000	1.000000	0.796847
1.000000	0.000000	0.000000
1.000000	1.000000	1.000000
0.000000	1.000000	0.999998
0.000000	0.000000	0.000001
1.000000	1.000000	0.985537
1.000000	0.000000	0.011429
1.000000	0.000000	0.268689
1.000000	0.000000	0.001313
0.000000	0.000000	0.221580
0.000000	1.000000	0.763772
1.000000	0.000000	0.002379
0.000000	0.000000	0.124139
1.000000	1.000000	1.000000
1.000000	0.000000	0.038778
0.000000	1.000000	0.739062
1.000000	0.000000	0.000020
1.000000	1.000000	1.000000
1.000000	1.000000	1.000000
1.000000	0.000000	0.095204
0.000000	1.000000	0.999994
1.000000	1.000000	1.000000
0.000000	1.000000	0.973276
0.000000	1.000000	0.628878
1.000000	1.000000	0.998253
1.000000	1.000000	0.997760
0.000000	0.000000	0.000081
1.000000	1.000000	1.000000
0.000000	0.000000	0.001190
0.000000	0.000000	0.368894
0.000000	1.000000	0.981266
0.000000	1.000000	0.999998
0.000000	1.000000	0.586393
0.000000	0.000000	0.000002
0.000000	0.000000	0.000046
0.000000	0.000000	0.249304
0.000000	0.000000	0.000423
1.000000	0.000000	0.000000
1.000000	1.000000	0.999999
0.000000	0.000000	0.046339
1.000000	1.000000	0.608559
0.000000	1.000000	0.859914
0.000000	1.000000	0.847033
0.000000	0.000000	0.013851
0.000000	0.000000	0.000601
1.000000	0.000000	0.023323
1.000000	1.000000	0.882825
1.000000	1.000000	1.000000
0.000000	0.000000	0.022800
1.000000	1.000000	0.735185
1.000000	1.000000	0.716628
1.000000	0.000000	0.076696
1.000000	1.000000	0.985471
0.000000	0.000000	0.000417
1.000000	1.000000	0.997598
1.000000	1.000000	0.999949
0.000000	0.000000	0.000000
0.000000	0.000000	0.000000
0.000000	0.000000	0.000169
0.000000	0.000000	0.040890
1.000000	0.000000	0.407496
0.000000	1.000000	0.643006
0.000000	1.000000	0.998684
0.000000	1.000000	0.999998
1.000000	0.000000	0.025065
0.000000	0.000000	0.056111
1.000000	1.000000	0.999995
1.000000	1.000000	0.655517
0.000000	0.000000	0.105287
1.000000	1.000000	0.999759
1.000000	1.000000	0.694607
0.000000	0.000000	0.068766
0.000000	1.000000	0.996590
1.000000	1.000000	0.837229
0.000000	1.000000	0.753758
0.000000	1.000000	0.999999
1.000000	1.000000	0.688600
1.000000	0.000000	0.000001
1.000000	0.000000	0.000001
1.000000	0.000000	0.015893
0.000000	1.000000	0.616149
0.000000	1.000000	0.998574
0.000000	1.000000	0.999986
0.000000	1.000000	0.921678
0.000000	0.000000	0.000017
1.000000	0.000000	0.393174
0.000000	0.000000	0.001058
1.000000	1.000000	0.956966
0.000000	0.000000	0.000000
0.000000	1.000000	0.999754
1.000000	0.000000	0.000010
0.000000	0.000000	0.020742
1.000000	1.000000	0.997147
1.000000	0.000000	0.000003
0.000000	0.000000	0.142865
0.000000	1.000000	0.999957
1.000000	1.000000	0.999722
0.000000	0.000000	0.000000
0.000000	0.000000	0.000000
0.000000	1.000000	0.999587
0.000000	1.000000	0.889439
1.000000	0.000000	0.025475
1.000000	1.000000	0.944204
1.000000	1.000000	0.784253
1.000000	1.000000	0.980353
0.000000	1.000000	0.997056
1.000000	0.000000	0.151918
1.000000	0.000000	0.013440
0.000000	0.000000	0.000019
0.000000	1.000000	0.981446
0.000000	0.000000	0.000914
0.000000	0.000000	0.200227
1.000000	1.000000	0.998562
0.000000	0.000000	0.488847
0.000000	1.000000	0.998511
1.000000	1.000000	0.816105
1.000000	1.000000	0.980353
0.000000	1.000000	0.999874
1.000000	1.000000	0.988501
1.000000	0.000000	0.011918
1.000000	1.000000	0.985206
0.000000	0.000000	0.000000
0.000000	0.000000	0.000000
1.000000	1.000000	0.980353
0.000000	1.000000	0.897869
0.000000	1.000000	0.999212
1.000000	1.000000	0.700078
0.000000	1.000000	0.999995
1.000000	1.000000	1.000000
0.000000	1.000000	0.981685
0.000000	0.000000	0.078411
1.000000	1.000000	0.999978
1.000000	0.000000	0.445932
1.000000	0.000000	0.000000
1.000000	0.000000	0.000009
0.000000	1.000000	0.999805
0.000000	1.000000	0.999997
1.000000	1.000000	0.999978
1.000000	1.000000	0.820510
0.000000	0.000000	0.312556
0.000000	1.000000	0.834861
0.000000	1.000000	0.949637
1.000000	1.000000	0.948632
0.000000	1.000000	0.708210
0.000000	1.000000	0.995812
0.000000	0.000000	0.350406
1.000000	0.000000	0.000009
0.000000	1.000000	0.843965
0.000000	0.000000	0.000044
0.000000	1.000000	0.998265
0.000000	1.000000	0.887233
1.000000	0.000000	0.000001
0.000000	0.000000	0.291747
1.000000	1.000000	0.507123
0.000000	0.000000	0.000001
0.000000	0.000000	0.000000
1.000000	0.000000	0.188425
1.000000	1.000000	0.999991
0.000000	1.000000	0.592587
1.000000	1.000000	0.924087
0.000000	1.000000	0.996206
0.000000	1.000000	0.968370
0.000000	1.000000	0.997456
0.000000	0.000000	0.035413
1.000000	1.000000	0.999678
1.000000	1.000000	0.834165
0.000000	0.000000	0.000000
0.000000	1.000000	0.998075
0.000000	0.000000	0.055468
0.000000	1.000000	0.999300
0.000000	1.000000	0.915235
0.000000	1.000000	0.955244
0.000000	0.000000	0.015130
1.000000	1.000000	0.933946
1.000000	1.000000	0.999983
0.000000	0.000000	0.001281
1.000000	0.000000	0.435042
1.000000	1.000000	0.815896
0.000000	1.000000	0.997412
1.000000	0.000000	0.000000
0.000000	1.000000	0.999691
1.000000	1.000000	0.999926
1.000000	1.000000	0.999935
1.000000	0.000000	0.149463
1.000000	1.000000	0.999598
0.000000	0.000000	0.010881
0.000000	0.000000	0.000002
0.000000	0.000000	0.077209
1.000000	0.000000	0.000000
0.000000	1.000000	0.647936
0.000000	0.000000	0.000000
0.000000	1.000000	0.869895
1.000000	0.000000	0.014262
1.000000	1.000000	0.965061
0.000000	1.000000	0.901605
0.000000	1.000000	0.987392
0.000000	0.000000	0.093618
0.000000	1.000000	0.999967
0.000000	1.000000	0.764032
0.000000	0.000000	0.173800
0.000000	0.000000	0.016462
0.000000	1.000000	0.999991
1.000000	0.000000	0.006909
0.000000	1.000000	0.838574
0.000000	0.000000	0.001204
0.000000	0.000000	0.001673
0.000000	1.000000	0.855091
0.000000	0.000000	0.000001
0.000000	1.000000	0.998906
1.000000	1.000000	0.966129
1.000000	1.000000	0.994804
0.000000	1.000000	0.851811
1.000000	1.000000	0.999727
1.000000	0.000000	0.000000
1.000000	1.000000	0.660390
0.000000	0.000000	0.000041
0.000000	1.000000	0.999977
0.000000	1.000000	0.738236
1.000000	0.000000	0.280460
0.000000	1.000000	0.999408
1.000000	1.000000	1.000000
1.000000	1.000000	0.999999
1.000000	1.000000	0.999390
0.000000	0.000000	0.056642
1.000000	0.000000	0.000486
0.000000	0.000000	0.000448
1.000000	1.000000	0.566164
1.000000	0.000000	0.059699
0.000000	1.000000	0.516555
1.000000	0.000000	0.000000
0.000000	0.000000	0.001558
0.000000	0.000000	0.000874
1.000000	1.000000	1.000000
1.000000	1.000000	0.822348
1.000000	1.000000	1.000000
1.000000	1.000000	0.999992
1.000000	0.000000	0.048962
1.000000	1.000000	0.816104
0.000000	0.000000	0.020432
0.000000	1.000000	1.000000
0.000000	1.000000	0.813142
1.000000	0.000000	0.067091
0.000000	1.000000	0.989995
1.000000	1.000000	0.999997
0.000000	0.000000	0.024423
1.000000	1.000000	0.999995
0.000000	1.000000	1.000000
1.000000	1.000000	0.988501
1.000000	1.000000	0.993356
0.000000	0.000000	0.000000
1.000000	1.000000	0.816104
1.000000	0.000000	0.006274
0.000000	1.000000	0.999964
0.000000	1.000000	1.000000
1.000000	0.000000	0.047122
1.000000	0.000000	0.000194
0.000000	0.000000	0.001291
0.000000	0.000000	0.068766
1.000000	1.000000	0.999995
1.000000	1.000000	0.751592
1.000000	1.000000	0.999992
0.000000	1.000000	0.907194
0.000000	0.000000	0.000650
0.000000	0.000000	0.000303
0.000000	0.000000	0.000100
0.000000	0.000000	0.043230
1.000000	0.000000	0.000001
0.000000	1.000000	0.999969
1.000000	0.000000	0.006714
0.000000	0.000000	0.070595
1.000000	1.000000	0.658529
1.000000	1.000000	0.822348
0.000000	1.000000	0.999972
1.000000	1.000000	0.942308
1.000000	1.000000	0.999921
0.000000	1.000000	0.995500
1.000000	0.000000	0.496198
0.000000	1.000000	0.578736
1.000000	1.000000	0.954708
1.000000	1.000000	0.999844
1.000000	0.000000	0.000000
1.000000	0.000000	0.160158
0.000000	1.000000	0.999929
1.000000	1.000000	0.923989
1.000000	1.000000	0.999694
1.000000	1.000000	0.979026
1.000000	1.000000	0.642472
0.000000	1.000000	0.794461
0.000000	0.000000	0.001567
0.000000	0.000000	0.198281
1.000000	1.000000	0.999880
0.000000	1.000000	0.999996
1.000000	0.000000	0.020053
0.000000	0.000000	0.000826
0.000000	1.000000	1.000000
1.000000	1.000000	0.999990
1.000000	0.000000	0.456436
1.000000	1.000000	0.993834
1.000000	1.000000	0.814433
1.000000	1.000000	0.999558
0.000000	0.000000	0.000000
0.000000	0.000000	0.018020
0.000000	1.000000	0.999982
0.000000	0.000000	0.000551
0.000000	0.000000	0.000000
1.000000	0.000000	0.000000
0.000000	0.000000	0.004997
0.000000	0.000000	0.000000
1.000000	0.000000	0.452329
0.000000	0.000000	0.027901
0.000000	1.000000	0.999990
0.000000	1.000000	0.999968
0.000000	0.000000	0.024751
1.000000	0.000000	0.000000
1.000000	0.000000	0.005607
1.000000	1.000000	0.822348
1.000000	0.000000	0.109021
0.000000	0.000000	0.000000
1.000000	1.000000	0.999930
1.000000	0.000000	0.008647
1.000000	0.000000	0.004007
1.000000	1.000000	0.999995
0.000000	0.000000	0.013086
0.000000	0.000000	0.000003
0.000000	0.000000	0.013918
0.000000	0.000000	0.000319
1.000000	0.000000	0.062295
0.000000	1.000000	0.991398
1.000000	0.000000	0.049333
0.000000	1.000000	0.789372
0.000000	0.000000	0.003298
0.000000	1.000000	0.999577
1.000000	1.000000	1.000000
1.000000	0.000000	0.280553
0.000000	0.000000	0.000000
0.000000	1.000000	0.845153
0.000000	1.000000	0.822161
0.000000	0.000000	0.464818
0.000000	1.000000	0.878084
1.000000	1.000000	0.999995
0.000000	1.000000	0.999954
0.000000	0.000000	0.063647
0.000000	0.000000	0.000002
1.000000	0.000000	0.377480
0.000000	0.000000	0.000001
1.000000	1.000000	0.999990
0.000000	0.000000	0.068766
1.000000	0.000000	0.061847
1.000000	0.000000	0.338790
0.000000	0.000000	0.000000
0.000000	0.000000	0.116795
0.000000	0.000000	0.025248
0.000000	0.000000	0.424595
0.000000	1.000000	0.642930
1.000000	0.000000	0.394905
0.000000	0.000000	0.000131
1.000000	0.000000	0.000037
0.000000	0.000000	0.002961
1.000000	0.000000	0.000000
1.000000	1.000000	0.999997
1.000000	0.000000	0.000000
0.000000	0.000000	0.000007
0.000000	1.000000	0.999989
0.000000	1.000000	0.942691
0.000000	1.000000	0.699324
1.000000	0.000000	0.000688
0.000000	0.000000	0.009546
1.000000	0.000000	0.000002
0.000000	0.000000	0.045523
0.000000	1.000000	1.000000
0.000000	0.000000	0.000007
0.000000	1.000000	0.999986
1.000000	1.000000	0.517045
1.000000	1.000000	0.831021
1.000000	1.000000	0.727008
0.000000	0.000000	0.001861
0.000000	0.000000	0.298455
0.000000	0.000000	0.000064
1.000000	1.000000	0.990494
1.000000	0.000000	0.387252
1.000000	1.000000	0.969972
1.000000	0.000000	0.383846
0.000000	0.000000	0.000033
1.000000	0.000000	0.023164
1.000000	1.000000	0.983507
1.000000	1.000000	0.999601
1.000000	0.000000	0.000400
1.000000	0.000000	0.019175
0.000000	0.000000	0.000004
0.000000	1.000000	0.996688
0.000000	1.000000	0.886026
1.000000	1.000000	0.997131
0.000000	0.000000	0.000013
1.000000	1.000000	0.936475
0.000000	1.000000	0.999952
1.000000	1.000000	0.999196
1.000000	0.000000	0.005697
1.000000	1.000000	0.999952
1.000000	1.000000	0.999404
0.000000	0.000000	0.109590
0.000000	1.000000	0.999991
0.000000	1.000000	0.983478
0.000000	1.000000	0.999986
1.000000	0.000000	0.000026
1.000000	0.000000	0.003023
1.000000	0.000000	0.000000
0.000000	1.000000	1.000000
0.000000	0.000000	0.033721
0.000000	0.000000	0.404811
0.000000	1.000000	0.669176
1.000000	1.000000	0.995165
1.000000	1.000000	0.998594
0.000000	0.000000	0.031031
1.000000	0.000000	0.000017
1.000000	0.000000	0.064566
0.000000	1.000000	0.958853
0.000000	0.000000	0.000000
0.000000	0.000000	0.011352
0.000000	1.000000	0.991546
1.000000	0.000000	0.033507
0.000000	1.000000	0.989593
1.000000	0.000000	0.000804
0.000000	1.000000	0.956365
1.000000	0.000000	0.010059
1.000000	1.000000	0.999968
0.000000	0.000000	0.000348
1.000000	1.000000	0.999995
0.000000	1.000000	0.845106
1.000000	1.000000	0.998426
0.000000	0.000000	0.037871
0.000000	1.000000	0.990867
0.000000	0.000000	0.000123
1.000000	1.000000	0.816104
0.000000	0.000000	0.150066
0.000000	1.000000	0.957436
1.000000	0.000000	0.197831
1.000000	1.000000	0.998853
1.000000	1.000000	0.999998
0.000000	0.000000	0.000005
0.000000	0.000000	0.213941
0.000000	0.000000	0.000022
0.000000	0.000000	0.019103
0.000000	0.000000	0.028508
1.000000	0.000000	0.000954
0.000000	1.000000	0.999957
0.000000	0.000000	0.000003
1.000000	1.000000	0.914125
0.000000	0.000000	0.001203
1.000000	0.000000	0.229467
0.000000	0.000000	0.068621
0.000000	0.000000	0.068766
0.000000	1.000000	0.548628
1.000000	1.000000	0.996262
1.000000	0.000000	0.163926
0.000000	0.000000	0.306913
1.000000	1.000000	0.979361
0.000000	1.000000	0.990522
0.000000	1.000000	0.999369
0.000000	0.000000	0.334973
1.000000	0.000000	0.110842
1.000000	0.000000	0.000000
0.000000	1.000000	0.653119
1.000000	0.000000	0.001048
0.000000	0.000000	0.000711
1.000000	0.000000	0.256946
0.000000	1.000000	1.000000
0.000000	0.000000	0.000000
1.000000	0.000000	0.097491
0.000000	0.000000	0.018184
0.000000	1.000000	0.999996
1.000000	1.000000	0.997647
1.000000	0.000000	0.000001
1.000000	1.000000	1.000000
0.000000	1.000000	0.559306
0.000000	0.000000	0.000799
1.000000	1.000000	0.999960
0.000000	1.000000	0.961947
0.000000	1.000000	0.954383
1.000000	1.000000	1.000000
1.000000	1.000000	0.999999
0.000000	1.000000	0.997757
1.000000	0.000000	0.000361
0.000000	1.000000	1.000000
1.000000	1.000000	0.597567
0.000000	0.000000	0.000050
1.000000	1.000000	0.986012
1.000000	0.000000	0.213661
0.000000	0.000000	0.032051
1.000000	0.000000	0.000012
0.000000	1.000000	0.680169
1.000000	0.000000	0.374063
0.000000	1.000000	0.998578
1.000000	0.000000	0.025231
1.000000	0.000000	0.000000
1.000000	1.000000	0.894642
0.000000	0.000000	0.018144
1.000000	0.000000	0.341153
0.000000	0.000000	0.065221
1.000000	1.000000	0.982580
1.000000	0.000000	0.015226
1.000000	1.000000	0.998733
0.000000	1.000000	0.572810
0.000000	0.000000	0.316244
1.000000	0.000000	0.000186
1.000000	1.000000	1.000000
0.000000	1.000000	0.999995
0.000000	1.000000	1.000000
1.000000	1.000000	0.595245
1.000000	1.000000	0.999240
1.000000	1.000000	0.904603
0.000000	0.000000	0.079464
0.000000	0.000000	0.000000
1.000000	1.000000	0.999701
1.000000	1.000000	0.990632
1.000000	0.000000	0.006441
0.000000	1.000000	1.000000
0.000000	1.000000	0.919460
0.000000	1.000000	0.965528
0.000000	0.000000	0.000272
1.000000	1.000000	1.000000
0.000000	1.000000	0.996580
0.000000	0.000000	0.001665
0.000000	0.000000	0.003697
0.000000	0.000000	0.464650
1.000000	1.000000	0.995374
0.000000	1.000000	0.999907
0.000000	0.000000	0.137000
0.000000	0.000000	0.000000
0.000000	0.000000	0.003236
0.000000	1.000000	0.999465
0.000000	0.000000	0.173800
1.000000	0.000000	0.000008
0.000000	1.000000	0.999915
1.000000	0.000000	0.000015
1.000000	1.000000	0.999995
0.000000	0.000000	0.048340
1.000000	0.000000	0.024341
1.000000	1.000000	0.980353
0.000000	1.000000	0.999816
1.000000	0.000000	0.056066
1.000000	0.000000	0.000000
0.000000	0.000000	0.042627
1.000000	0.000000	0.001665
1.000000	1.000000	0.911351
0.000000	1.000000	1.000000
1.000000	1.000000	0.999996
1.000000	0.000000	0.000000
1.000000	1.000000	0.988501
1.000000	0.000000	0.037678
1.000000	1.000000	0.999989
0.000000	1.000000	0.950281
1.000000	1.000000	0.897724
0.000000	1.000000	0.999566
0.000000	1.000000	0.999364
0.000000	0.000000	0.003312
1.000000	1.000000	0.983287
0.000000	0.000000	0.068766
1.000000	1.000000	0.996406
0.000000	1.000000	1.000000
1.000000	1.000000	0.999970
1.000000	1.000000	0.576059
1.000000	0.000000	0.005539
0.000000	1.000000	1.000000
1.000000	1.000000	0.996652
1.000000	1.000000	0.999610
0.000000	1.000000	0.999438
0.000000	1.000000	0.660003
1.000000	0.000000	0.006181
0.000000	0.000000	0.137084
0.000000	0.000000	0.000000
0.000000	1.000000	0.915147
0.000000	0.000000	0.068766
0.000000	1.000000	0.698970
0.000000	1.000000	0.999971
0.000000	0.000000	0.002500
0.000000	0.000000	0.000001
1.000000	1.000000	1.000000
0.000000	0.000000	0.000055
0.000000	1.000000	0.999490
0.000000	1.000000	0.983142
0.000000	1.000000	0.994895
0.000000	1.000000	0.827657
1.000000	1.000000	0.789396
0.000000	0.000000	0.000032
1.000000	1.000000	1.000000
1.000000	1.000000	0.999704
0.000000	0.000000	0.000000
0.000000	0.000000	0.000049
1.000000	0.000000	0.000307
0.000000	1.000000	0.928408
1.000000	1.000000	0.981134
0.000000	0.000000	0.000000
1.000000	0.000000	0.000000
0.000000	0.000000	0.117632
1.000000	1.000000	0.996823
0.000000	1.000000	0.970772
1.000000	1.000000	0.999096
1.000000	1.000000	0.996512
0.000000	1.000000	0.958311
1.000000	0.000000	0.074119
1.000000	0.000000	0.017857
1.000000	1.000000	0.999619
0.000000	0.000000	0.002036
1.000000	0.000000	0.002488
0.000000	0.000000	0.095669
1.000000	0.000000	0.338487
0.000000	1.000000	0.897629
1.000000	1.000000	0.994632
1.000000	0.000000	0.002766
0.000000	1.000000	0.846098
0.000000	0.000000	0.199866
0.000000	1.000000	0.854206
0.000000	1.000000	0.999997
0.000000	0.000000	0.000000
1.000000	0.000000	0.000006
1.000000	1.000000	1.000000
0.000000	1.000000	0.504385
0.000000	1.000000	0.967604
0.000000	1.000000	0.999970
0.000000	0.000000	0.000000
1.000000	0.000000	0.002625
0.000000	0.000000	0.333036
1.000000	0.000000	0.132394
0.000000	1.000000	0.999655
1.000000	0.000000	0.064746
0.000000	1.000000	0.848217
0.000000	0.000000	0.067601
0.000000	1.000000	0.997787
0.000000	0.000000	0.085300
0.000000	1.000000	0.993010
0.000000	1.000000	0.998520
0.000000	1.000000	0.997991
1.000000	1.000000	0.948993
0.000000	1.000000	0.999085
0.000000	1.000000	0.994359
1.000000	0.000000	0.000008
0.000000	0.000000	0.000000
1.000000	1.000000	0.999865
1.000000	1.000000	0.941122
0.000000	1.000000	0.507313
1.000000	0.000000	0.000000
1.000000	1.000000	0.999953
0.000000	1.000000	0.971759
0.000000	1.000000	1.000000
0.000000	0.000000	0.000002
1.000000	0.000000	0.002707
1.000000	0.000000	0.000077
1.000000	0.000000	0.000244
1.000000	1.000000	0.781434
0.000000	0.000000	0.137084
0.000000	1.000000	1.000000
1.000000	1.000000	0.900100
0.000000	1.000000	0.979799
0.000000	1.000000	0.995287
0.000000	1.000000	0.999788
0.000000	1.000000	0.996388
1.000000	1.000000	0.999458
0.000000	0.000000	0.000000
1.000000	1.000000	0.999602
0.000000	0.000000	0.244956
1.000000	1.000000	0.999370
0.000000	1.000000	0.999999
1.000000	1.000000	0.816104
1.000000	1.000000	1.000000
0.000000	1.000000	0.992165
0.000000	1.000000	0.503515
0.000000	0.000000	0.000762
0.000000	0.000000	0.042627
1.000000	0.000000	0.000001
1.000000	1.000000	0.888379
0.000000	0.000000	0.000023
0.000000	0.000000	0.044725
0.000000	1.000000	1.000000
1.000000	1.000000	0.523966
1.000000	0.000000	0.001008
1.000000	1.000000	0.999970
0.000000	0.000000	0.006676
0.000000	0.000000	0.137084
1.000000	0.000000	0.000008
0.000000	1.000000	0.999999
1.000000	0.000000	0.000004
1.000000	1.000000	0.829941
0.000000	1.000000	0.995385
1.000000	1.000000	0.988501
0.000000	1.000000	1.000000
0.000000	1.000000	0.993994
1.000000	1.000000	0.882047
1.000000	0.000000	0.001007
1.000000	1.000000	0.996879
1.000000	0.000000	0.017097
1.000000	0.000000	0.000011
1.000000	1.000000	0.983532
0.000000	0.000000	0.222790
0.000000	0.000000	0.055163
0.000000	0.000000	0.000000
1.000000	0.000000	0.000001
0.000000	1.000000	0.999546
0.000000	1.000000	0.696909
0.000000	0.000000	0.133252
0.000000	1.000000	0.997267
1.000000	1.000000	0.993627
0.000000	0.000000	0.007033
0.000000	1.000000	0.999967
0.000000	0.000000	0.021042
0.000000	1.000000	0.999945
1.000000	1.000000	0.999951
0.000000	0.000000	0.000000
1.000000	0.000000	0.000660
1.000000	1.000000	0.999997
0.000000	0.000000	0.292130
1.000000	1.000000	1.000000
0.000000	0.000000	0.232006
1.000000	1.000000	0.999960
1.000000	0.000000	0.013466
0.000000	0.000000	0.001366
0.000000	1.000000	0.811597
1.000000	0.000000	0.000017
1.000000	1.000000	0.748079
0.000000	0.000000	0.000011
0.000000	0.000000	0.000773
1.000000	1.000000	0.954308
0.000000	1.000000	0.999996
1.000000	1.000000	0.509028
0.000000	1.000000	0.999471
0.000000	1.000000	0.988699
0.000000	0.000000	0.054448
0.000000	1.000000	1.000000
0.000000	0.000000	0.000000
1.000000	1.000000	0.992157
1.000000	1.000000	1.000000
0.000000	1.000000	0.725083
0.000000	0.000000	0.252745
0.000000	1.000000	0.772125
0.000000	0.000000	0.000387
0.000000	0.000000	0.164669
1.000000	0.000000	0.091962
1.000000	1.000000	1.000000
1.000000	0.000000	0.055778
1.000000	1.000000	0.999749
1.000000	1.000000	1.000000
1.000000	0.000000	0.340467
0.000000	0.000000	0.233095
0.000000	0.000000	0.030616
1.000000	0.000000	0.005420
0.000000	1.000000	0.999982
0.000000	1.000000	0.999791
1.000000	0.000000	0.000004
0.000000	1.000000	0.600836
0.000000	0.000000	0.051781
1.000000	1.000000	0.951194
0.000000	0.000000	0.000187
1.000000	1.000000	0.999839
1.000000	0.000000	0.429085
1.000000	1.000000	0.999983
1.000000	0.000000	0.067231
1.000000	1.000000	1.000000
0.000000	0.000000	0.124139
0.000000	1.000000	0.990319
0.000000	1.000000	0.996930
1.000000	0.000000	0.000589
0.000000	0.000000	0.000021
0.000000	1.000000	0.987661
0.000000	1.000000	0.981888
1.000000	0.000000	0.260411
0.000000	1.000000	0.993787
0.000000	0.000000	0.000031
0.000000	0.000000	0.000027
0.000000	0.000000	0.454328
1.000000	1.000000	1.000000
0.000000	0.000000	0.000000
1.000000	1.000000	0.999976
0.000000	0.000000	0.007969
0.000000	0.000000	0.137084
0.000000	1.000000	0.997654
1.000000	0.000000	0.058301
0.000000	1.000000	0.853330
1.000000	1.000000	0.928828
0.000000	1.000000	0.999396
0.000000	0.000000	0.036000
0.000000	0.000000	0.214369
0.000000	0.000000	0.001024
1.000000	1.000000	0.607018
1.000000	1.000000	0.835237
0.000000	0.000000	0.000003
1.000000	1.000000	0.992956
1.000000	1.000000	1.000000
0.000000	0.000000	0.000000
1.000000	0.000000	0.000000
1.000000	1.000000	0.924737
0.000000	0.000000	0.213982
0.000000	0.000000	0.001594
0.000000	0.000000	0.000000
0.000000	1.000000	0.999871
0.000000	0.000000	0.000037
0.000000	1.000000	0.633164
1.000000	0.000000	0.005715
1.000000	0.000000	0.214009
0.000000	1.000000	1.000000
1.000000	0.000000	0.022115
0.000000	1.000000	1.000000
0.000000	1.000000	0.982406
0.000000	1.000000	0.711716
0.000000	0.000000	0.248018
0.000000	0.000000	0.000367
0.000000	1.000000	0.998951
0.000000	0.000000	0.053123
1.000000	0.000000	0.002457
1.000000	1.000000	0.999264
1.000000	0.000000	0.010886
0.000000	0.000000	0.464650
1.000000	1.000000	0.720295
1.000000	0.000000	0.180877
0.000000	1.000000	0.974448
1.000000	0.000000	0.000948
1.000000	1.000000	1.000000
0.000000	0.000000	0.000015
0.000000	0.000000	0.002443
1.000000	1.000000	0.999998
0.000000	1.000000	0.942452
1.000000	1.000000	0.988501
1.000000	1.000000	1.000000
0.000000	0.000000	0.203145
1.000000	1.000000	0.999999
1.000000	1.000000	0.624739
0.000000	1.000000	0.999607
0.000000	0.000000	0.353834
1.000000	0.000000	0.000018
1.000000	1.000000	0.963520
0.000000	1.000000	0.848869
0.000000	0.000000	0.011293
1.000000	0.000000	0.000002
1.000000	0.000000	0.000001
1.000000	1.000000	0.835820
0.000000	0.000000	0.088652
1.000000	1.000000	1.000000
1.000000	1.000000	0.999989
0.000000	0.000000	0.210797
1.000000	0.000000	0.027551
0.000000	1.000000	1.000000
1.000000	0.000000	0.003078
0.000000	1.000000	0.847793
0.000000	0.000000	0.490803
1.000000	0.000000	0.061351
0.000000	0.000000	0.001122
1.000000	1.000000	0.893311
0.000000	1.000000	0.987104
0.000000	0.000000	0.000094
1.000000	0.000000	0.125591
0.000000	0.000000	0.000006
0.000000	1.000000	1.000000
1.000000	1.000000	0.945184
1.000000	1.000000	0.999992
1.000000	1.000000	0.999910
0.000000	1.000000	0.811647
0.000000	1.000000	0.983079
1.000000	0.000000	0.000002
0.000000	0.000000	0.247792
1.000000	1.000000	0.868052
0.000000	0.000000	0.345632
0.000000	0.000000	0.018565
0.000000	0.000000	0.016903
0.000000	0.000000	0.000015
0.000000	0.000000	0.458578
0.000000	1.000000	0.939923
1.000000	1.000000	0.999997
0.000000	0.000000	0.175597
0.000000	1.000000	0.610099
0.000000	0.000000	0.000000
1.000000	0.000000	0.000013
1.000000	0.000000	0.024178
0.000000	1.000000	0.844255
1.000000	0.000000	0.009546
1.000000	1.000000	0.980353
1.000000	0.000000	0.010964
1.000000	0.000000	0.051564
1.000000	1.000000	1.000000
1.000000	1.000000	0.981907
1.000000	0.000000	0.000157
0.000000	0.000000	0.004602
1.000000	0.000000	0.122732
0.000000	1.000000	0.967828
0.000000	0.000000	0.000001
0.000000	0.000000	0.462152
1.000000	1.000000	0.999985
0.000000	0.000000	0.424382
1.000000	1.000000	0.996646
0.000000	0.000000	0.068766
0.000000	1.000000	0.787400
0.000000	0.000000	0.018106
0.000000	1.000000	0.982465
0.000000	0.000000	0.000000
0.000000	0.000000	0.303991
0.000000	1.000000	0.890195
0.000000	0.000000	0.000011
1.000000	1.000000	1.000000
0.000000	1.000000	1.000000
1.000000	0.000000	0.000000
1.000000	1.000000	0.940222
1.000000	0.000000	0.007059
1.000000	0.000000	0.065830
0.000000	1.000000	0.841362
0.000000	0.000000	0.065462
0.000000	0.000000	0.442622
1.000000	0.000000	0.105189
1.000000	0.000000	0.392341
0.000000	0.000000	0.124139
0.000000	1.000000	0.999999
0.000000	1.000000	0.999504
0.000000	0.000000	0.220343
1.000000	1.000000	0.859591
1.000000	1.000000	0.999633
0.000000	1.000000	0.612459
0.000000	0.000000	0.003667
0.000000	0.000000	0.210701
0.000000	1.000000	0.506219
0.000000	1.000000	0.999995
0.000000	1.000000	0.995185
1.000000	1.000000	1.000000
0.000000	0.000000	0.203145
0.000000	1.000000	0.823771
1.000000	1.000000	0.656234
1.000000	1.000000	0.951916
1.000000	0.000000	0.000024
0.000000	1.000000	0.999010
1.000000	0.000000	0.000000
1.000000	1.000000	0.839604
1.000000	0.000000	0.001906
0.000000	0.000000	0.167222
1.000000	0.000000	0.000000
1.000000	1.000000	0.942308
0.000000	0.000000	0.000408
1.000000	0.000000	0.116343
0.000000	1.000000	0.998744
1.000000	1.000000	0.773720
0.000000	1.000000	0.999475
0.000000	1.000000	0.999969
0.000000	0.000000	0.275647
1.000000	1.000000	0.816104
1.000000	1.000000	0.822348
1.000000	1.000000	0.999962
1.000000	1.000000	1.000000
0.000000	1.000000	0.985268
0.000000	1.000000	0.993675
0.000000	1.000000	1.000000
1.000000	0.000000	0.000000
0.000000	1.000000	0.581792
1.000000	1.000000	0.989726
1.000000	1.000000	0.977603
0.000000	1.000000	0.999995
0.000000	0.000000	0.141093
0.000000	1.000000	0.999985
1.000000	1.000000	0.998458
0.000000	0.000000	0.008368
0.000000	1.000000	0.996397
0.000000	0.000000	0.299080
1.000000	1.000000	0.999992
1.000000	0.000000	0.338713
1.000000	0.000000	0.001195
1.000000	0.000000	0.088627
1.000000	0.000000	0.012707
1.000000	0.000000	0.068205
1.000000	1.000000	0.689022
0.000000	0.000000	0.247386
1.000000	1.000000	0.999997
0.000000	1.000000	0.999606
1.000000	1.000000	0.999404
0.000000	1.000000	0.783134
0.000000	1.000000	0.999983
0.000000	0.000000	0.000000
1.000000	0.000000	0.005398
1.000000	0.000000	0.394283
0.000000	1.000000	0.999377
0.000000	0.000000	0.068766
0.000000	0.000000	0.000502
1.000000	0.000000	0.058696
0.000000	0.000000	0.000000
1.000000	0.000000	0.000211
1.000000	0.000000	0.000000
0.000000	0.000000	0.001791
0.000000	0.000000	0.000001
0.000000	0.000000	0.045369
1.000000	0.000000	0.001036
0.000000	0.000000	0.102518
1.000000	0.000000	0.003400
0.000000	1.000000	0.988316
0.000000	0.000000	0.007788
1.000000	1.000000	1.000000
1.000000	1.000000	0.993509
1.000000	1.000000	0.942308
1.000000	0.000000	0.080880
1.000000	1.000000	0.999947
0.000000	0.000000	0.000003
1.000000	0.000000	0.000035
0.000000	1.000000	0.999998
1.000000	1.000000	0.999973
0.000000	0.000000	0.005750
0.000000	0.000000	0.020022
0.000000	1.000000	0.999946
0.000000	0.000000	0.000015
0.000000	0.000000	0.139482
1.000000	1.000000	0.858086
0.000000	1.000000	0.999734
0.000000	1.000000	1.000000
0.000000	1.000000	0.648048
1.000000	0.000000	0.000000
1.000000	1.000000	0.892126
1.000000	0.000000	0.011671
0.000000	0.000000	0.000024
1.000000	0.000000	0.001367
0.000000	0.000000	0.173800
0.000000	1.000000	0.999176
0.000000	1.000000	1.000000
0.000000	1.000000	0.966733
0.000000	1.000000	0.999901
0.000000	1.000000	0.994898
0.000000	1.000000	0.999283
1.000000	1.000000	0.999975
0.000000	1.000000	1.000000
1.000000	1.000000	0.967091
1.000000	1.000000	0.999908
0.000000	0.000000	0.008589
0.000000	1.000000	0.693471
1.000000	1.000000	0.999972
0.000000	1.000000	1.000000
1.000000	1.000000	0.999334
1.000000	1.000000	0.680934
1.000000	1.000000	0.816104
1.000000	0.000000	0.000101
1.000000	0.000000	0.004736
1.000000	1.000000	0.982492
1.000000	0.000000	0.011290
0.000000	1.000000	1.000000
0.000000	0.000000	0.139639
0.000000	0.000000	0.363641
0.000000	1.000000	0.999826
1.000000	0.000000	0.025540
0.000000	0.000000	0.000120
0.000000	1.000000	0.996955
0.000000	1.000000	0.984372
1.000000	1.000000	0.999999
1.000000	0.000000	0.387252
1.000000	1.000000	1.000000
0.000000	0.000000	0.001614
0.000000	0.000000	0.000001
1.000000	1.000000	1.000000
1.000000	1.000000	1.000000
0.000000	0.000000	0.000004
1.000000	1.000000	0.669314
1.000000	1.000000	0.999992
0.000000	0.000000	0.004481
0.000000	1.000000	0.997887
1.000000	1.000000	0.623733
1.000000	0.000000	0.000007
1.000000	1.000000	0.813142
0.000000	1.000000	0.875961
1.000000	0.000000	0.000097
0.000000	1.000000	0.984151
0.000000	1.000000	1.000000
0.000000	0.000000	0.000000
0.000000	1.000000	0.996533
1.000000	1.000000	0.834095
1.000000	1.000000	0.999993
0.000000	0.000000	0.001092
0.000000	0.000000	0.000013
1.000000	0.000000	0.039134
1.000000	1.000000	0.889554
1.000000	0.000000	0.002515
0.000000	1.000000	0.996179
0.000000	0.000000	0.000628
0.000000	1.000000	0.987410
0.000000	0.000000	0.034983
1.000000	0.000000	0.057507
0.000000	0.000000	0.004775
0.000000	0.000000	0.000003
1.000000	1.000000	0.999562
1.000000	1.000000	0.999955
1.000000	0.000000	0.470983
0.000000	1.000000	1.000000
1.000000	1.000000	0.991955
1.000000	1.000000	0.913334
0.000000	0.000000	0.074023
0.000000	1.000000	0.994326
1.000000	1.000000	0.999996
1.000000	1.000000	0.999970
1.000000	1.000000	0.960925
0.000000	1.000000	0.999975
0.000000	0.000000	0.253060
1.000000	0.000000	0.110039
0.000000	0.000000	0.000872
0.000000	1.000000	1.000000
0.000000	0.000000	0.000001
1.000000	1.000000	0.999775
1.000000	0.000000	0.001334
0.000000	1.000000	0.999998
1.000000	1.000000	0.957730
1.000000	0.000000	0.302663
1.000000	0.000000	0.000000
1.000000	1.000000	0.991132
1.000000	0.000000	0.154635
1.000000	1.000000	0.997148
0.000000	1.000000	0.991998
0.000000	0.000000	0.167618
0.000000	1.000000	0.999205
0.000000	1.000000	0.953435
0.000000	0.000000	0.184158
1.000000	1.000000	0.999946
0.000000	0.000000	0.002546
0.000000	1.000000	0.980419
1.000000	1.000000	0.999999
1.000000	0.000000	0.002789
0.000000	1.000000	0.998689
0.000000	0.000000	0.013444
0.000000	0.000000	0.056142
1.000000	1.000000	0.998625
0.000000	1.000000	0.930910
1.000000	0.000000	0.174768
1.000000	1.000000	0.999319
0.000000	0.000000	0.317575
0.000000	0.000000	0.009999
0.000000	1.000000	0.998648
0.000000	0.000000	0.000000
1.000000	1.000000	0.999959
1.000000	0.000000	0.000004
0.000000	1.000000	0.999999
1.000000	1.000000	0.978298
0.000000	0.000000	0.001137
0.000000	1.000000	0.839596
1.000000	1.000000	0.999999
0.000000	0.000000	0.000004
1.000000	1.000000	0.838738
0.000000	1.000000	0.670158
0.000000	0.000000	0.001845
0.000000	0.000000	0.008587
1.000000	1.000000	0.715760
1.000000	0.000000	0.000035
0.000000	1.000000	1.000000
1.000000	1.000000	0.870321
0.000000	1.000000	0.883141
0.000000	0.000000	0.006191
1.000000	1.000000	0.999675
0.000000	1.000000	0.995080
0.000000	1.000000	1.000000
0.000000	0.000000	0.027079
1.000000	0.000000	0.000000
0.000000	1.000000	1.000000
1.000000	1.000000	0.958825
0.000000	0.000000	0.008666
1.000000	1.000000	0.941161
0.000000	0.000000	0.384037
1.000000	0.000000	0.047332
0.000000	0.000000	0.027817
0.000000	0.000000	0.001628
0.000000	0.000000	0.000000
0.000000	0.000000	0.000002
1.000000	1.000000	0.992653
1.000000	0.000000	0.005421
0.000000	0.000000	0.267891
0.000000	1.000000	0.996840
0.000000	0.000000	0.000035
1.000000	0.000000	0.000002
0.000000	0.000000	0.000000
0.000000	0.000000	0.000000
1.000000	1.000000	0.999637
1.000000	1.000000	1.000000
1.000000	0.000000	0.308892
1.000000	0.000000	0.003715
1.000000	0.000000	0.000030
0.000000	0.000000	0.000349
0.000000	0.000000	0.285222
0.000000	1.000000	0.999938
1.000000	1.000000	0.999998
0.000000	0.000000	0.356624
0.000000	0.000000	0.039015
0.000000	0.000000	0.124139
0.000000	1.000000	0.998964
0.000000	0.000000	0.000499
1.000000	1.000000	0.999996
0.000000	0.000000	0.061039
0.000000	1.000000	0.999958
1.000000	0.000000	0.000005
0.000000	0.000000	0.068766
0.000000	0.000000	0.063307
1.000000	0.000000	0.387252
0.000000	0.000000	0.000226
0.000000	0.000000	0.000000
1.000000	1.000000	0.998606
0.000000	1.000000	0.999920
1.000000	1.000000	0.999700
1.000000	1.000000	0.664697
1.000000	1.000000	0.999984
1.000000	1.000000	0.994019
0.000000	1.000000	0.977389
0.000000	0.000000	0.000560
1.000000	0.000000	0.000000
0.000000	0.000000	0.285222
1.000000	1.000000	1.000000
0.000000	1.000000	0.999203
0.000000	0.000000	0.001558
0.000000	0.000000	0.000001
0.000000	0.000000	0.019459
1.000000	1.000000	0.883825
1.000000	1.000000	0.999987
0.000000	1.000000	0.999994
0.000000	0.000000	0.025664
1.000000	1.000000	0.999993
1.000000	0.000000	0.364295
0.000000	0.000000	0.000651
0.000000	1.000000	0.975441
0.000000	0.000000	0.000653
0.000000	0.000000	0.069043
1.000000	0.000000	0.000000
1.000000	0.000000	0.000397
0.000000	0.000000	0.000001
0.000000	1.000000	0.999999
0.000000	0.000000	0.484849
1.000000	0.000000	0.003911
1.000000	0.000000	0.086072
1.000000	1.000000	1.000000
0.000000	0.000000	0.000016
0.000000	0.000000	0.000121
1.000000	0.000000	0.190831
1.000000	1.000000	0.556954
1.000000	1.000000	0.856232
0.000000	1.000000	1.000000
0.000000	1.000000	1.000000
0.000000	1.000000	0.711320
1.000000	1.000000	0.999914
0.000000	1.000000	0.999992
1.000000	1.000000	0.815043
1.000000	1.000000	0.992949
1.000000	1.000000	0.996488
1.000000	1.000000	1.000000
1.000000	0.000000	0.000001
1.000000	0.000000	0.023851
0.000000	1.000000	0.990128
1.000000	1.000000	0.998762
0.000000	1.000000	0.999939
1.000000	1.000000	0.998110
1.000000	1.000000	0.844519
0.000000	0.000000	0.090040
0.000000	0.000000	0.000081
0.000000	1.000000	0.999994
0.000000	0.000000	0.000000
1.000000	1.000000	0.980353
0.000000	0.000000	0.000051
1.000000	0.000000	0.080709
0.000000	1.000000	0.686214
0.000000	0.000000	0.363632
0.000000	1.000000	0.818941
0.000000	0.000000	0.020967
0.000000	0.000000	0.065884
1.000000	0.000000	0.001248
1.000000	1.000000	0.999768
0.000000	1.000000	0.711890
1.000000	0.000000	0.000000
0.000000	0.000000	0.005991
0.000000	1.000000	0.995587
0.000000	0.000000	0.000138
0.000000	0.000000	0.027025
0.000000	0.000000	0.127093
1.000000	1.000000	0.999942
1.000000	0.000000	0.465039
0.000000	0.000000	0.235999
0.000000	1.000000	1.000000
1.000000	1.000000	0.996058
1.000000	0.000000	0.000002
0.000000	0.000000	0.000000
1.000000	0.000000	0.003975
0.000000	0.000000	0.251163
1.000000	1.000000	0.999992
1.000000	1.000000	1.000000
1.000000	1.000000	0.770991
0.000000	0.000000	0.308224
0.000000	1.000000	0.746565
0.000000	1.000000	0.992606
1.000000	0.000000	0.000004
0.000000	0.000000	0.000010
1.000000	1.000000	0.999979
1.000000	0.000000	0.001993
1.000000	1.000000	0.998615
0.000000	1.000000	0.999994
1.000000	0.000000	0.022921
1.000000	1.000000	0.882558
0.000000	1.000000	0.735452
1.000000	0.000000	0.478871
0.000000	1.000000	0.999570
1.000000	0.000000	0.000000
0.000000	1.000000	0.996751
1.000000	1.000000	0.940958
0.000000	1.000000	0.999869
0.000000	0.000000	0.000000
1.000000	1.000000	0.999991
1.000000	1.000000	0.999999
1.000000	1.000000	0.999996
0.000000	0.000000	0.013670
0.000000	1.000000	0.927698
0.000000	1.000000	0.999999
0.000000	0.000000	0.000000
0.000000	1.000000	0.999460
1.000000	1.000000	0.786152
0.000000	0.000000	0.438996
1.000000	1.000000	0.999782
1.000000	1.000000	0.883165
0.000000	0.000000	0.000006
1.000000	1.000000	1.000000
0.000000	1.000000	0.790672
0.000000	1.000000	1.000000
1.000000	0.000000	0.464214
1.000000	1.000000	0.999996
0.000000	0.000000	0.184603
0.000000	0.000000	0.002106
0.000000	1.000000	1.000000
0.000000	1.000000	0.999776
0.000000	0.000000	0.070144
0.000000	1.000000	0.990149
0.000000	0.000000	0.000563
1.000000	1.000000	0.999999
1.000000	1.000000	0.999975
0.000000	1.000000	0.999946
1.000000	1.000000	0.988596
0.000000	0.000000	0.000587
1.000000	1.000000	0.988501
0.000000	0.000000	0.000001
1.000000	0.000000	0.000002
0.000000	1.000000	1.000000
1.000000	1.000000	0.999997
0.000000	0.000000	0.477628
0.000000	0.000000	0.001164
0.000000	0.000000	0.000000
1.000000	0.000000	0.008212
1.000000	1.000000	0.999995
0.000000	1.000000	0.991512
0.000000	0.000000	0.000570
1.000000	0.000000	0.000075
0.000000	1.000000	0.999036
0.000000	1.000000	0.999837
0.000000	1.000000	0.639645
0.000000	0.000000	0.000000
0.000000	0.000000	0.000002
0.000000	0.000000	0.318340
0.000000	1.000000	0.865977
0.000000	1.000000	0.994239
1.000000	1.000000	0.868449
0.000000	1.000000	0.999997
1.000000	1.000000	0.923982
1.000000	1.000000	0.965721
1.000000	1.000000	0.999954
1.000000	0.000000	0.012532
1.000000	0.000000	0.001653
1.000000	1.000000	0.984779
0.000000	1.000000	0.994255
0.000000	0.000000	0.010470
0.000000	1.000000	0.999998
1.000000	1.000000	0.987448
1.000000	0.000000	0.000942
1.000000	1.000000	0.998903
0.000000	1.000000	0.990337
0.000000	1.000000	0.818740
0.000000	0.000000	0.156829
1.000000	1.000000	0.882360
0.000000	1.000000	0.950898
1.000000	1.000000	0.998016
0.000000	0.000000	0.000029
1.000000	1.000000	0.999999
0.000000	1.000000	0.999791
1.000000	1.000000	0.972362
0.000000	0.000000	0.000000
0.000000	0.000000	0.042627
0.000000	1.000000	0.670158
0.000000	0.000000	0.318198
0.000000	0.000000	0.000091
0.000000	0.000000	0.000322
0.000000	1.000000	0.999967
1.000000	1.000000	1.000000
1.000000	0.000000	0.141578
0.000000	0.000000	0.016152
1.000000	0.000000	0.186987
0.000000	0.000000	0.000472
0.000000	0.000000	0.068766
1.000000	0.000000	0.002316
0.000000	0.000000	0.125201
0.000000	1.000000	0.999913
0.000000	0.000000	0.000015
0.000000	1.000000	0.999784
1.000000	1.000000	0.527884
1.000000	0.000000	0.000000
1.000000	1.000000	0.999945
1.000000	1.000000	0.991093
1.000000	0.000000	0.000000
1.000000	1.000000	0.748425
0.000000	0.000000	0.000000
1.000000	1.000000	0.527527
0.000000	0.000000	0.349872
0.000000	0.000000	0.000003
0.000000	0.000000	0.000000
1.000000	0.000000	0.032477
0.000000	0.000000	0.143799
1.000000	1.000000	0.999255
1.000000	1.000000	0.898518
1.000000	0.000000	0.018084
0.000000	0.000000	0.005340
1.000000	0.000000	0.007916
0.000000	1.000000	0.550798
0.000000	0.000000	0.000000
0.000000	0.000000	0.000025
0.000000	1.000000	0.552372
0.000000	1.000000	0.999997
1.000000	0.000000	0.073869
0.000000	0.000000	0.068766
1.000000	0.000000	0.115155
1.000000	0.000000	0.174025
1.000000	0.000000	0.013470
1.000000	0.000000	0.000000
1.000000	0.000000	0.245356
0.000000	1.000000	0.604557
1.000000	0.000000	0.000806
1.000000	1.000000	0.999998
1.000000	0.000000	0.000002
1.000000	0.000000	0.000000
1.000000	0.000000	0.000777
0.000000	1.000000	0.999797
1.000000	0.000000	0.000013
0.000000	1.000000	1.000000
0.000000	0.000000	0.137084
0.000000	0.000000	0.021168
1.000000	1.000000	0.930944
0.000000	0.000000	0.353283
1.000000	0.000000	0.000000
0.000000	1.000000	0.999352
0.000000	1.000000	0.994811
0.000000	1.000000	0.994701
1.000000	0.000000	0.000007
0.000000	1.000000	0.573081
0.000000	0.000000	0.073181
1.000000	1.000000	0.999632
0.000000	0.000000	0.000000
0.000000	0.000000	0.065290
1.000000	1.000000	1.000000
0.000000	1.000000	1.000000
1.000000	0.000000	0.005851
1.000000	0.000000	0.000000
1.000000	1.000000	0.988984
0.000000	0.000000	0.050701
0.000000	1.000000	0.995741
0.000000	0.000000	0.239595
1.000000	1.000000	0.827577
0.000000	1.000000	0.999999
1.000000	1.000000	0.917509
1.000000	1.000000	0.999941
1.000000	1.000000	0.543806
0.000000	1.000000	0.999615
1.000000	0.000000	0.205073
1.000000	1.000000	0.999999
0.000000	1.000000	1.000000
0.000000	0.000000	0.000027
0.000000	1.000000	0.518607
1.000000	1.000000	0.980353
1.000000	1.000000	0.989893
0.000000	0.000000	0.000000
0.000000	1.000000	0.960415
0.000000	1.000000	0.903711
0.000000	0.000000	0.000000
0.000000	0.000000	0.000017
0.000000	0.000000	0.013645
1.000000	1.000000	0.992564
1.000000	1.000000	0.996394
0.000000	1.000000	0.996240
0.000000	0.000000	0.000008
0.000000	0.000000	0.000008
0.000000	0.000000	0.000084
0.000000	1.000000	0.999622
1.000000	1.000000	0.744682
0.000000	1.000000	0.999721
1.000000	0.000000	0.218619
0.000000	0.000000	0.001581
1.000000	1.000000	0.942308
0.000000	1.000000	0.992924
0.000000	1.000000	0.999978
1.000000	1.000000	0.975174
1.000000	1.000000	1.000000
1.000000	1.000000	0.952455
1.000000	0.000000	0.003726
1.000000	0.000000	0.249784
0.000000	1.000000	0.999946
0.000000	0.000000	0.000080
1.000000	0.000000	0.000561
0.000000	0.000000	0.000000
1.000000	1.000000	1.000000
1.000000	0.000000	0.282135
1.000000	0.000000	0.000991
1.000000	1.000000	0.999641
1.000000	1.000000	0.991598
0.000000	0.000000	0.137084
1.000000	0.000000	0.000001
1.000000	1.000000	1.000000
0.000000	0.000000	0.068766
1.000000	1.000000	0.982047
1.000000	1.000000	0.966248
1.000000	0.000000	0.000000
1.000000	1.000000	0.999524
0.000000	0.000000	0.063871
0.000000	0.000000	0.257709
1.000000	1.000000	1.000000
0.000000	1.000000	0.999864
0.000000	1.000000	0.997696
0.000000	1.000000	1.000000
1.000000	1.000000	0.935672
0.000000	0.000000	0.008326
1.000000	1.000000	1.000000
0.000000	0.000000	0.458545
0.000000	0.000000	0.000348
1.000000	1.000000	0.999999
0.000000	0.000000	0.000001
0.000000	1.000000	0.999986
0.000000	0.000000	0.000418
0.000000	0.000000	0.068766
0.000000	0.000000	0.000049
0.000000	1.000000	0.999423
0.000000	1.000000	1.000000
0.000000	0.000000	0.000062
0.000000	0.000000	0.000017
0.000000	0.000000	0.002157
0.000000	1.000000	0.999726
1.000000	1.000000	0.989266
1.000000	0.000000	0.000001
1.000000	0.000000	0.000000
0.000000	1.000000	0.861533
1.000000	0.000000	0.089521
0.000000	1.000000	0.963222
0.000000	1.000000	0.999680
1.000000	0.000000	0.000101
0.000000	1.000000	1.000000
1.000000	1.000000	0.816104
1.000000	0.000000	0.004313
0.000000	1.000000	0.773080
1.000000	0.000000	0.000012
1.000000	1.000000	0.999998
0.000000	1.000000	0.687570
0.000000	0.000000	0.417202
0.000000	0.000000	0.108713
1.000000	0.000000	0.061943
1.000000	0.000000	0.035782
1.000000	1.000000	0.950181
1.000000	0.000000	0.001142
0.000000	0.000000	0.031294
0.000000	1.000000	0.999979
0.000000	1.000000	0.944502
1.000000	1.000000	0.993844
0.000000	1.000000	0.999630
1.000000	1.000000	0.981907
1.000000	1.000000	0.818657
1.000000	0.000000	0.105725
0.000000	0.000000	0.234388
0.000000	1.000000	0.999938
0.000000	0.000000	0.020251
1.000000	1.000000	0.999999
1.000000	1.000000	1.000000
1.000000	1.000000	0.994671
0.000000	0.000000	0.042627
1.000000	1.000000	0.999969
1.000000	1.000000	0.635838
1.000000	0.000000	0.000133
1.000000	1.000000	0.999845
0.000000	0.000000	0.002364
0.000000	1.000000	0.999858
1.000000	1.000000	1.000000
1.000000	1.000000	1.000000
1.000000	0.000000	0.000002
0.000000	1.000000	0.998264
0.000000	0.000000	0.441474
1.000000	0.000000	0.000000
0.000000	1.000000	0.998710
0.000000	1.000000	0.999997
0.000000	1.000000	0.998583
0.000000	0.000000	0.000003
1.000000	0.000000	0.063002
1.000000	1.000000	1.000000
0.000000	1.000000	0.571098
0.000000	1.000000	0.999997
0.000000	0.000000	0.068766
0.000000	0.000000	0.133536
0.000000	1.000000	1.000000
1.000000	1.000000	0.999908
1.000000	1.000000	0.998738
0.000000	0.000000	0.000000
0.000000	1.000000	0.999960
1.000000	1.000000	0.940641
0.000000	1.000000	1.000000
0.000000	0.000000	0.026418
1.000000	0.000000	0.002376
0.000000	1.000000	0.999777
0.000000	0.000000	0.000000
0.000000	1.000000	0.881255
1.000000	1.000000	0.999997
0.000000	1.000000	0.724039
0.000000	0.000000	0.002153
1.000000	1.000000	0.997477
0.000000	0.000000	0.001577
1.000000	0.000000	0.008370
0.000000	1.000000	0.999998
1.000000	1.000000	0.999713
1.000000	0.000000	0.377262
1.000000	0.000000	0.000000
0.000000	1.000000	0.971653
0.000000	1.000000	0.990759
1.000000	0.000000	0.052091
1.000000	0.000000	0.000000
1.000000	1.000000	0.980353
0.000000	0.000000	0.000001
0.000000	0.000000	0.040927
0.000000	0.000000	0.272647
1.000000	0.000000	0.000072
0.000000	0.000000	0.053123
0.000000	0.000000	0.000151
1.000000	1.000000	1.000000
0.000000	0.000000	0.000015
1.000000	1.000000	0.916227
0.000000	1.000000	0.901535
0.000000	0.000000	0.142096
0.000000	1.000000	0.999999
0.000000	0.000000	0.256721
0.000000	0.000000	0.000000
1.000000	1.000000	0.966174
0.000000	1.000000	0.930943
0.000000	0.000000	0.005341
1.000000	1.000000	0.992527
1.000000	0.000000	0.000017
0.000000	0.000000	0.013664
1.000000	0.000000	0.005320
1.000000	1.000000	0.999904
1.000000	0.000000	0.000005
1.000000	1.000000	0.916844
1.000000	1.000000	0.980353
1.000000	0.000000	0.007101
0.000000	0.000000	0.000000
0.000000	1.000000	0.996641
0.000000	0.000000	0.090361
1.000000	1.000000	0.997037
1.000000	1.000000	0.999644
0.000000	1.000000	0.974971
0.000000	1.000000	0.971604
0.000000	0.000000	0.013268
1.000000	1.000000	0.940251
1.000000	0.000000	0.000014
0.000000	0.000000	0.291836
0.000000	1.000000	0.973931
1.000000	0.000000	0.000001
1.000000	0.000000	0.000001
0.000000	1.000000	1.000000
1.000000	0.000000	0.251649
0.000000	0.000000	0.010497
0.000000	0.000000	0.477783
1.000000	1.000000	0.998780
0.000000	0.000000	0.130415
0.000000	1.000000	0.999952
1.000000	1.000000	0.594001
0.000000	0.000000	0.053123
0.000000	1.000000	0.770108
1.000000	1.000000	0.788830
1.000000	0.000000	0.321753
1.000000	0.000000	0.011953
0.000000	0.000000	0.068766
1.000000	1.000000	0.999999
1.000000	1.000000	0.999999
1.000000	0.000000	0.316131
1.000000	1.000000	0.999942
0.000000	0.000000	0.256178
0.000000	0.000000	0.467961
0.000000	1.000000	0.999499
1.000000	1.000000	1.000000
1.000000	0.000000	0.379045
0.000000	1.000000	0.999811
1.000000	1.000000	0.999999
1.000000	1.000000	0.999107
1.000000	1.000000	0.822348
0.000000	1.000000	0.999903
0.000000	0.000000	0.443057
0.000000	1.000000	0.999165
1.000000	0.000000	0.015359
1.000000	0.000000	0.062097
0.000000	1.000000	0.996203
0.000000	1.000000	0.778038
0.000000	0.000000	0.002790
0.000000	0.000000	0.068766
0.000000	0.000000	0.000001
1.000000	0.000000	0.480931
1.000000	0.000000	0.392211
0.000000	1.000000	0.903841
0.000000	1.000000	0.758017
0.000000	0.000000	0.000000
0.000000	1.000000	0.997063
1.000000	1.000000	0.999993
1.000000	0.000000	0.007521
1.000000	1.000000	0.997010
0.000000	0.000000	0.411490
1.000000	1.000000	0.997319
1.000000	0.000000	0.000000
0.000000	1.000000	0.999224
0.000000	1.000000	0.994294
0.000000	1.000000	0.999991
1.000000	1.000000	0.976077
0.000000	0.000000	0.000291
0.000000	1.000000	0.995669
0.000000	0.000000	0.487975
1.000000	0.000000	0.000004
0.000000	0.000000	0.453729
0.000000	0.000000	0.171636
0.000000	1.000000	1.000000
0.000000	0.000000	0.077884
0.000000	1.000000	0.857915
0.000000	1.000000	0.999974
0.000000	1.000000	0.663432
0.000000	1.000000	0.829410
1.000000	1.000000	0.991585
1.000000	1.000000	0.981907
0.000000	1.000000	0.996384
1.000000	0.000000	0.000135
0.000000	1.000000	0.999864
0.000000	1.000000	1.000000
0.000000	0.000000	0.000955
0.000000	1.000000	0.999233
1.000000	1.000000	0.886021
0.000000	0.000000	0.000090
0.000000	1.000000	0.992219
0.000000	1.000000	0.951935
1.000000	1.000000	0.823344
1.000000	0.000000	0.000462
0.000000	1.000000	0.998672
1.000000	0.000000	0.002725
0.000000	1.000000	0.999969
1.000000	1.000000	0.999501
0.000000	0.000000	0.000003
0.000000	0.000000	0.000000
1.000000	0.000000	0.000000
0.000000	1.000000	0.999599
1.000000	1.000000	0.981907
0.000000	0.000000	0.244113
0.000000	0.000000	0.000155
0.000000	0.000000	0.008315
0.000000	1.000000	0.953276
1.000000	0.000000	0.000001
1.000000	1.000000	0.980353
0.000000	1.000000	0.847069
0.000000	1.000000	0.561187
1.000000	1.000000	0.907137
0.000000	1.000000	0.748660
1.000000	0.000000	0.020880
0.000000	1.000000	0.999343
1.000000	1.000000	0.997971
0.000000	1.000000	0.879727
0.000000	0.000000	0.381856
0.000000	0.000000	0.090704
1.000000	0.000000	0.002552
1.000000	0.000000	0.059241
0.000000	0.000000	0.003491
0.000000	0.000000	0.414048
1.000000	1.000000	0.610381
1.000000	0.000000	0.474130
1.000000	1.000000	0.843546
0.000000	1.000000	0.657203
1.000000	0.000000	0.000001
0.000000	1.000000	0.859755
0.000000	0.000000	0.291134
1.000000	1.000000	0.924561
1.000000	1.000000	0.999980
0.000000	0.000000	0.083567
0.000000	1.000000	0.808479
0.000000	1.000000	0.877236
1.000000	0.000000	0.000000
0.000000	1.000000	0.589735
0.000000	0.000000	0.105932
0.000000	0.000000	0.000044
0.000000	1.000000	0.999974
0.000000	1.000000	1.000000
0.000000	1.000000	0.998031
0.000000	1.000000	1.000000
1.000000	1.000000	1.000000
1.000000	0.000000	0.000036
1.000000	1.000000	0.999864
0.000000	0.000000	0.137084
0.000000	1.000000	0.999901
0.000000	1.000000	0.999312
0.000000	1.000000	0.840953
0.000000	1.000000	0.999977
0.000000	0.000000	0.004370
1.000000	0.000000	0.065772
0.000000	0.000000	0.000000
1.000000	1.000000	0.999858
0.000000	0.000000	0.124139
0.000000	0.000000	0.137489
0.000000	0.000000	0.000542
1.000000	0.000000	0.184120
0.000000	1.000000	0.885068
0.000000	1.000000	1.000000
1.000000	1.000000	1.000000
0.000000	0.000000	0.030838
1.000000	1.000000	0.999999
1.000000	0.000000	0.001332
1.000000	0.000000	0.002823
0.000000	0.000000	0.000005
0.000000	1.000000	0.701041
1.000000	1.000000	0.978898
0.000000	0.000000	0.000000
0.000000	1.000000	0.999963
0.000000	0.000000	0.000056
0.000000	1.000000	0.961289
0.000000	1.000000	0.999975
1.000000	1.000000	0.987809
0.000000	0.000000	0.000025
0.000000	0.000000	0.352997
1.000000	0.000000	0.000007
0.000000	1.000000	0.975732
1.000000	0.000000	0.003498
1.000000	1.000000	0.998700
0.000000	0.000000	0.055468
0.000000	1.000000	0.994443
0.000000	1.000000	0.986789
0.000000	1.000000	0.527843
0.000000	1.000000	0.915007
1.000000	1.000000	0.999975
0.000000	0.000000	0.012626
1.000000	0.000000	0.089117
0.000000	1.000000	0.954512
1.000000	1.000000	0.999860
1.000000	0.000000	0.441947
0.000000	0.000000	0.042393
0.000000	0.000000	0.000998
0.000000	1.000000	0.999637
1.000000	1.000000	0.996728
1.000000	1.000000	0.614769
0.000000	0.000000	0.154757
1.000000	1.000000	0.979994
1.000000	1.000000	0.999999
0.000000	1.000000	0.994205
1.000000	1.000000	0.998892
1.000000	0.000000	0.264897
0.000000	0.000000	0.387252
1.000000	0.000000	0.033296
1.000000	1.000000	0.999449
1.000000	1.000000	0.995714
1.000000	0.000000	0.000000
0.000000	0.000000	0.006676
1.000000	0.000000	0.240464
0.000000	1.000000	0.995871
1.000000	0.000000	0.004456
0.000000	0.000000	0.000000
1.000000	1.000000	0.999985
1.000000	0.000000	0.000536
1.000000	1.000000	0.999920
0.000000	0.000000	0.287755
1.000000	1.000000	0.895174
0.000000	0.000000	0.105235
0.000000	0.000000	0.002283
1.000000	0.000000	0.477459
0.000000	1.000000	0.959104
1.000000	0.000000	0.000600
1.000000	1.000000	0.990632
0.000000	0.000000	0.000945
0.000000	0.000000	0.000000
1.000000	0.000000	0.001565
0.000000	1.000000	0.999999
1.000000	0.000000	0.341330
0.000000	0.000000	0.000000
1.000000	1.000000	0.829109
0.000000	1.000000	0.810809
1.000000	0.000000	0.000000
1.000000	1.000000	0.999999
1.000000	1.000000	0.999996
1.000000	1.000000	1.000000
1.000000	1.000000	0.999970
1.000000	0.000000	0.016599
1.000000	1.000000	0.933912
0.000000	0.000000	0.205124
0.000000	1.000000	0.998482
0.000000	1.000000	1.000000
0.000000	0.000000	0.000344
1.000000	0.000000	0.000003
0.000000	1.000000	0.999525
0.000000	0.000000	0.015512
1.000000	1.000000	0.977010
1.000000	1.000000	0.999761
1.000000	0.000000	0.000069
0.000000	1.000000	0.863134
0.000000	0.000000	0.145659
0.000000	0.000000	0.000118
0.000000	0.000000	0.000004
0.000000	1.000000	0.999993
0.000000	0.000000	0.000008
1.000000	1.000000	0.966377
0.000000	0.000000	0.032871
0.000000	0.000000	0.235330
0.000000	0.000000	0.000002
0.000000	1.000000	0.644916
1.000000	1.000000	0.606593
0.000000	0.000000	0.030832
0.000000	1.000000	0.998114
1.000000	0.000000	0.000102
0.000000	0.000000	0.255569
1.000000	1.000000	0.993788
0.000000	1.000000	0.745657
0.000000	0.000000	0.001001
1.000000	0.000000	0.002740
1.000000	0.000000	0.000000
